 205
   1    48.611    13.334     0.000   82   -1   -1   -1
   2    39.680    53.738     0.000    1   -1   -1   -1
   3    39.645    55.066     0.000    0   -1   -1   -1
   4    39.716    26.997     0.000   36   -1   -1   -1
   5    39.743    24.069     0.000   41   -1   -1   -1
   6    39.806    16.401     0.000   70   -1   -1   -1
   7    39.666    19.726     0.000   63   -1   -1   -1
   8    39.609    21.710     0.000   53   -1   -1   -1
   9    39.781     7.315     0.000   96   -1   -1   -1
  10    39.630    15.674     0.000   72   -1   -1   -1
  11    39.844     1.561     0.000  116   -1   -1   -1
  12    39.587    13.505     0.000   80   -1   -1   -1
  13    39.736     2.244     0.000  112   -1   -1   -1
  14    39.825    -3.300     0.000  138   -1   -1   -1
  15    39.735     1.825     0.000  113   -1   -1   -1
  16    39.691     3.108     0.000  108   -1   -1   -1
  17    39.640     5.379     0.000  102   -1   -1   -1
  18    39.622     5.947     0.000  100   -1   -1   -1
  19    39.773    -3.052     0.000  136   -1   -1   -1
  20    39.248    22.838     0.000   43   -1   -1   -1
  21    39.621     0.803     0.000  119   -1   -1   -1
  22    39.750    -6.781     0.000  160   -1   -1   -1
  23    39.682    -3.589     0.000  140   -1   -1   -1
  24    39.774   -13.168     0.000  177   -1   -1   -1
  25    39.606    -4.608     0.000  148   -1   -1   -1
  26    39.623    -5.639     0.000  155   -1   -1   -1
  27    39.494     0.160     0.000  122   -1   -1   -1
  28    39.693   -15.457     0.000  182   -1   -1   -1
  29    39.670   -16.764     0.000  186   -1   -1   -1
  30    38.490    22.824     0.000   44   -1   -1   -1
  31    38.386    11.265     0.000   86   -1   -1   -1
  32    37.659    11.313     0.000   85   -1   -1   -1
  33    37.103    12.162     0.000   83   -1   -1   -1
  34    36.079    -3.926     0.000  144   -1   -1   -1
  35    36.078    -4.492     0.000  147   -1   -1   -1
  36    33.270    32.722     0.000   26   -1   -1   -1
  37    31.372   -29.237     0.000  204   -1   -1   -1
  38    29.966   -20.062     0.000  191   -1   -1   -1
  39    26.400   -12.692     0.000  176   -1   -1   -1
  40    25.730   -16.428     0.000  183   -1   -1   -1
  41    25.260    -4.270     0.000  145   -1   -1   -1
  42    24.520    36.292     0.000   18   -1   -1   -1
  43    23.225    15.995     0.000   71   -1   -1   -1
  44    23.329    -0.231     0.000  125   -1   -1   -1
  45    23.114    -3.945     0.000  141   -1   -1   -1
  46    23.077   -10.997     0.000  172   -1   -1   -1
  47    22.632   -12.138     0.000  174   -1   -1   -1
  48    22.289    -5.698     0.000  150   -1   -1   -1
  49    21.424    -4.171     0.000  143   -1   -1   -1
  50    20.464    -0.270     0.000  124   -1   -1   -1
  51    20.226     8.886     0.000   92   -1   -1   -1
  52    20.425   -19.665     0.000  190   -1   -1   -1
  53    19.648   -16.776     0.000  185   -1   -1   -1
  54    19.585   -27.484     0.000  198   -1   -1   -1
  55    19.224   -28.445     0.000  199   -1   -1   -1
  56    18.683    -3.313     0.000  135   -1   -1   -1
  57    18.479   -28.725     0.000  202   -1   -1   -1
  58    17.890   -15.993     0.000  181   -1   -1   -1
  59    17.938   -28.719     0.000  201   -1   -1   -1
  60    17.467   -28.571     0.000  200   -1   -1   -1
  61    15.647    34.978     0.000   21   -1   -1   -1
  62    15.915   -24.613     0.000  195   -1   -1   -1
  63    14.843    28.695     0.000   32   -1   -1   -1
  64    15.460   -22.981     0.000  193   -1   -1   -1
  65    15.129   -12.592     0.000  175   -1   -1   -1
  66    14.777    -9.887     0.000  168   -1   -1   -1
  67    13.892    22.243     0.000   46   -1   -1   -1
  68    14.156     3.246     0.000  107   -1   -1   -1
  69    14.436   -24.278     0.000  194   -1   -1   -1
  70    13.594     1.276     0.000  114   -1   -1   -1
  71    13.572   -18.281     0.000  187   -1   -1   -1
  72    12.959     1.237     0.000  115   -1   -1   -1
  73    12.402    20.359     0.000   59   -1   -1   -1
  74    12.721     0.028     0.000  120   -1   -1   -1
  75    12.074    -8.421     0.000  162   -1   -1   -1
  76    11.699     7.670     0.000   93   -1   -1   -1
  77    11.488    13.331     0.000   78   -1   -1   -1
  78    10.607    45.593     0.000    4   -1   -1   -1
  79    11.569   -14.198     0.000  178   -1   -1   -1
  80    10.971    13.332     0.000   77   -1   -1   -1
  81    10.816    21.815     0.000   48   -1   -1   -1
  82    11.163    -3.880     0.000  137   -1   -1   -1
  83    10.814    13.034     0.000   81   -1   -1   -1
  84    10.587    13.500     0.000   76   -1   -1   -1
  85    10.193    20.154     0.000   60   -1   -1   -1
  86     9.653    41.489     0.000    8   -1   -1   -1
  87    10.236    -3.997     0.000  139   -1   -1   -1
  88     8.846    32.950     0.000   25   -1   -1   -1
  89     8.551    21.621     0.000   50   -1   -1   -1
  90     7.761    13.213     0.000   79   -1   -1   -1
  91     7.061    26.410     0.000   38   -1   -1   -1
  92     6.788    37.834     0.000   12   -1   -1   -1
  93     7.050     9.901     0.000   88   -1   -1   -1
  94     6.387    23.294     0.000   42   -1   -1   -1
  95     6.208    34.167     0.000   22   -1   -1   -1
  96     6.328    -0.653     0.000  126   -1   -1   -1
  97     6.107     6.429     0.000   97   -1   -1   -1
  98     6.085    -3.251     0.000  132   -1   -1   -1
  99     5.414    33.975     0.000   23   -1   -1   -1
 100     4.626    40.450     0.000    9   -1   -1   -1
 101     3.502     3.090     0.000  105   -1   -1   -1
 102     2.847    41.892     0.000    7   -1   -1   -1
 103     2.642    21.897     0.000   47   -1   -1   -1
 104     2.910    -7.361     0.000  158   -1   -1   -1
 105     2.400    -6.367     0.000  153   -1   -1   -1
 106     1.446    37.236     0.000   13   -1   -1   -1
 107     2.133    -4.444     0.000  142   -1   -1   -1
 108     1.410    28.309     0.000   34   -1   -1   -1
 109     1.307    28.526     0.000   33   -1   -1   -1
 110     1.719    -1.471     0.000  130   -1   -1   -1
 111     1.065    32.269     0.000   27   -1   -1   -1
 112     1.428    -2.866     0.000  131   -1   -1   -1
 113     0.977    20.967     0.000   55   -1   -1   -1
 114    -1.352    21.395     0.000   51   -1   -1   -1
 115    -2.854    -5.523     0.000  149   -1   -1   -1
 116    -3.190     2.936     0.000  106   -1   -1   -1
 117    -4.243    36.687     0.000   15   -1   -1   -1
 118    -4.365    -6.583     0.000  154   -1   -1   -1
 119    -4.683    -8.846     0.000  163   -1   -1   -1
 120    -5.623    39.672     0.000   10   -1   -1   -1
 121    -5.208    -6.482     0.000  152   -1   -1   -1
 122    -5.958    36.639     0.000   16   -1   -1   -1
 123    -5.282   -14.633     0.000  179   -1   -1   -1
 124    -5.921   -10.061     0.000  167   -1   -1   -1
 125    -9.764    36.501     0.000   17   -1   -1   -1
 126    -9.542    10.258     0.000   87   -1   -1   -1
 127   -10.970    42.617     0.000    6   -1   -1   -1
 128   -10.382    -9.608     0.000  165   -1   -1   -1
 129   -10.890     2.018     0.000  109   -1   -1   -1
 130   -12.046    47.015     0.000    3   -1   -1   -1
 131   -11.742    11.247     0.000   84   -1   -1   -1
 132   -11.664   -11.200     0.000  170   -1   -1   -1
 133   -12.336     6.640     0.000   95   -1   -1   -1
 134   -13.517    43.126     0.000    5   -1   -1   -1
 135   -13.529     5.675     0.000   98   -1   -1   -1
 136   -14.249    -0.944     0.000  123   -1   -1   -1
 137   -14.905     8.492     0.000   89   -1   -1   -1
 138   -14.977     3.108     0.000  104   -1   -1   -1
 139   -15.637    14.319     0.000   73   -1   -1   -1
 140   -15.515     4.749     0.000  101   -1   -1   -1
 141   -15.910    -1.373     0.000  128   -1   -1   -1
 142   -16.075    -3.851     0.000  134   -1   -1   -1
 143   -18.170    -1.500     0.000  129   -1   -1   -1
 144   -18.436    -6.732     0.000  151   -1   -1   -1
 145   -18.737    -9.228     0.000  164   -1   -1   -1
 146   -19.508    20.065     0.000   58   -1   -1   -1
 147   -19.712    20.103     0.000   57   -1   -1   -1
 148   -19.151   -15.954     0.000  180   -1   -1   -1
 149   -20.204    34.780     0.000   20   -1   -1   -1
 150   -20.387     5.080     0.000   99   -1   -1   -1
 151   -20.477    -3.869     0.000  133   -1   -1   -1
 152   -21.391    17.247     0.000   68   -1   -1   -1
 153   -22.460    18.125     0.000   66   -1   -1   -1
 154   -22.461    -8.165     0.000  161   -1   -1   -1
 155   -22.642    -0.211     0.000  118   -1   -1   -1
 156   -23.816     1.151     0.000  111   -1   -1   -1
 157   -24.366     1.177     0.000  110   -1   -1   -1
 158   -26.028    -1.308     0.000  127   -1   -1   -1
 159   -27.223     6.978     0.000   94   -1   -1   -1
 160   -28.864    -5.658     0.000  146   -1   -1   -1
 161   -32.422   -11.867     0.000  171   -1   -1   -1
 162   -36.123    38.267     0.000   11   -1   -1   -1
 163   -39.260   -30.636     0.000  203   -1   -1   -1
 164   -39.335   -27.964     0.000  197   -1   -1   -1
 165   -40.502    36.534     0.000   14   -1   -1   -1
 166   -48.175     7.746     0.000   90   -1   -1   -1
 167   -49.133     7.706     0.000   91   -1   -1   -1
 168   -50.317    30.719     0.000   29   -1   -1   -1
 169   -51.228     3.412     0.000  103   -1   -1   -1
 170   -51.034    -8.548     0.000  159   -1   -1   -1
 171   -56.319    20.617     0.000   52   -1   -1   -1
 172   -56.339    20.115     0.000   56   -1   -1   -1
 173   -56.346    19.136     0.000   61   -1   -1   -1
 174   -56.361    18.152     0.000   64   -1   -1   -1
 175   -56.350    16.894     0.000   67   -1   -1   -1
 176   -56.940    20.771     0.000   49   -1   -1   -1
 177   -56.944    20.203     0.000   54   -1   -1   -1
 178   -56.966    17.901     0.000   65   -1   -1   -1
 179   -56.934    14.987     0.000   69   -1   -1   -1
 180   -57.463    24.205     0.000   40   -1   -1   -1
 181   -57.656    30.175     0.000   30   -1   -1   -1
 182   -57.214   -18.565     0.000  184   -1   -1   -1
 183   -57.400   -23.461     0.000  192   -1   -1   -1
 184   -57.624   -12.207     0.000  169   -1   -1   -1
 185   -59.674    24.426     0.000   39   -1   -1   -1
 186   -59.898    34.692     0.000   19   -1   -1   -1
 187   -59.304   -13.568     0.000  173   -1   -1   -1
 188   -59.433    -7.859     0.000  156   -1   -1   -1
 189   -60.202    30.096     0.000   31   -1   -1   -1
 190   -60.245    19.044     0.000   62   -1   -1   -1
 191   -60.322    -1.721     0.000  121   -1   -1   -1
 192   -61.144    32.811     0.000   24   -1   -1   -1
 193   -61.823    25.669     0.000   37   -1   -1   -1
 194   -61.172   -26.811     0.000  196   -1   -1   -1
 195   -62.459    -8.210     0.000  157   -1   -1   -1
 196   -62.814    12.660     0.000   75   -1   -1   -1
 197   -63.363    47.413     0.000    2   -1   -1   -1
 198   -63.492    13.251     0.000   74   -1   -1   -1
 199   -63.381   -20.264     0.000  188   -1   -1   -1
 200   -63.545   -21.538     0.000  189   -1   -1   -1
 201   -64.880    21.308     0.000   45   -1   -1   -1
 202   -64.732    -0.818     0.000  117   -1   -1   -1
 203   -66.113    31.435     0.000   28   -1   -1   -1
 204   -66.451    27.108     0.000   35   -1   -1   -1
 205   -66.225   -11.303     0.000  166   -1   -1   -1
